97
1 1450 993
2 1265 20
3 400 639
4 1437 62
5 337 276
6 1347 701
7 374 283
8 506 891
9 672 1117
10 342 1314
11 1120 329
12 1347 91
13 281 1409
14 1381 99
15 1309 719
16 215 1166
17 1048 772
18 380 1067
19 702 1201
20 704 408
21 1056 147
22 1359 362
23 93 1110
24 1351 572
25 964 56
26 547 1412
27 988 371
28 1172 1310
29 1467 526
30 999 944
31 16 675
32 59 269
33 901 170
34 861 670
35 132 941
36 1441 22
37 1464 1305
38 602 1385
39 538 679
40 904 1319
41 372 363
42 1085 222
43 961 1453
44 51 445
45 806 989
46 1345 563
47 1033 557
48 1236 931
49 873 519
50 1259 61
51 1113 437
52 1224 1101
53 1092 1235
54 377 438
55 968 1439
56 1050 710
57 858 765
58 589 700
59 1290 280
60 1296 378
61 386 333
62 682 464
63 992 1017
64 517 29
65 295 249
66 286 688
67 459 249
68 441 1209
69 782 184
70 874 1102
71 1497 1442
72 948 1152
73 1195 551
74 154 1054
75 1346 928
76 1336 1088
77 31 1279
78 1362 68
79 484 1080
80 486 769
81 273 1005
82 154 751
83 332 6
84 1257 1475
85 840 1149
86 1179 475
87 1123 452
88 839 885
89 782 1300
90 804 1440
91 86 648
92 1141 583
93 765 1107
94 1274 1081
95 151 214
96 540 925
97 109 265
