78
1 1356 504
2 554 372
3 562 1145
4 318 1124
5 1390 927
6 1053 623
7 668 1413
8 365 1279
9 446 141
10 1058 689
11 493 473
12 917 1376
13 91 776
14 663 582
15 647 341
16 191 221
17 24 990
18 512 667
19 146 1407
20 52 137
21 281 384
22 780 712
23 1259 1413
24 933 1365
25 1106 444
26 1354 1167
27 907 1156
28 130 894
29 309 308
30 116 1403
31 4 1162
32 918 941
33 859 773
34 516 185
35 983 581
36 925 277
37 174 185
38 502 606
39 633 549
40 1121 405
41 1066 638
42 559 871
43 773 1247
44 206 1499
45 323 53
46 138 140
47 519 1212
48 594 154
49 353 803
50 1305 398
51 956 866
52 30 105
53 313 523
54 568 1112
55 520 443
56 690 274
57 585 1082
58 358 978
59 131 744
60 337 648
61 263 193
62 171 421
63 769 831
64 498 249
65 926 47
66 1240 345
67 298 62
68 853 705
69 1136 1000
70 1250 1179
71 270 1082
72 136 177
73 1243 48
74 287 463
75 334 1016
76 1146 1321
77 649 94
78 743 783
