70
1 1156 1380
2 942 891
3 1385 337
4 1242 1016
5 337 458
6 952 245
7 278 904
8 199 1238
9 18 459
10 805 621
11 291 270
12 15 581
13 1228 298
14 253 891
15 834 1040
16 902 83
17 653 454
18 1472 328
19 181 1196
20 482 430
21 619 575
22 979 936
23 1160 5
24 1131 1361
25 671 626
26 411 957
27 285 851
28 1461 580
29 874 925
30 972 903
31 479 1096
32 93 1252
33 660 745
34 1067 635
35 1247 1269
36 1097 172
37 508 1006
38 673 663
39 897 1151
40 1147 118
41 1025 1147
42 2 1190
43 217 1462
44 270 1120
45 356 663
46 763 988
47 540 1337
48 81 131
49 75 1173
50 1481 250
51 147 1395
52 222 651
53 632 221
54 715 848
55 531 288
56 292 1069
57 896 960
58 343 877
59 723 82
60 318 264
61 64 884
62 702 1379
63 1477 501
64 266 480
65 900 1
66 523 196
67 1089 1071
68 1438 1390
69 451 994
70 1077 70
