200
1 364 159
2 873 1047
3 485 1419
4 756 1188
5 253 360
6 53 125
7 485 2
8 1110 1046
9 887 198
10 289 792
11 425 866
12 1189 1376
13 92 1332
14 1299 1030
15 1216 1341
16 839 426
17 945 332
18 224 1074
19 80 421
20 533 185
21 226 947
22 662 531
23 784 1293
24 1134 1046
25 1163 912
26 1222 1229
27 734 1126
28 1314 931
29 382 405
30 1214 759
31 402 759
32 1244 1161
33 71 1436
34 1200 1319
35 1037 376
36 472 489
37 587 1179
38 838 381
39 1163 659
40 1038 1091
41 617 141
42 124 1492
43 410 646
44 42 186
45 176 219
46 469 668
47 628 386
48 718 857
49 187 1331
50 523 314
51 25 419
52 163 795
53 975 400
54 1278 583
55 394 1314
56 1332 1045
57 241 209
58 861 1057
59 1020 718
60 761 971
61 1241 1234
62 449 188
63 719 980
64 453 1130
65 1296 2
66 1359 675
67 743 1463
68 792 769
69 1251 883
70 359 1164
71 355 56
72 1123 579
73 1478 1296
74 1172 252
75 1236 375
76 1423 319
77 602 34
78 788 176
79 870 108
80 937 404
81 623 128
82 862 441
83 640 999
84 77 113
85 334 791
86 939 238
87 1059 1224
88 1350 334
89 1369 1314
90 1084 24
91 1443 300
92 312 1069
93 806 168
94 72 1305
95 455 114
96 1027 1303
97 219 1085
98 1131 238
99 731 1295
100 1369 196
101 937 288
102 559 571
103 1469 435
104 751 419
105 1441 1336
106 39 675
107 629 650
108 80 459
109 926 611
110 331 133
111 215 1423
112 1409 954
113 625 1142
114 214 1308
115 745 1200
116 620 230
117 1492 395
118 780 1284
119 647 152
120 697 747
121 1246 630
122 228 123
123 189 1159
124 944 1299
125 1057 731
126 583 1108
127 72 2
128 1372 1491
129 637 1029
130 410 1248
131 746 1337
132 578 1091
133 990 1363
134 1073 848
135 1333 115
136 1392 1401
137 898 122
138 23 945
139 928 1377
140 218 102
141 820 861
142 522 996
143 50 631
144 1001 12
145 646 1409
146 201 810
147 777 178
148 1323 927
149 948 372
150 1357 1125
151 140 1145
152 836 768
153 727 670
154 1012 1032
155 522 896
156 516 1384
157 859 1027
158 1098 983
159 384 635
160 246 1390
161 229 331
162 1282 329
163 1451 1203
164 1303 353
165 1137 995
166 1074 93
167 356 68
168 1165 1435
169 1393 1325
170 731 1434
171 1358 386
172 1084 1397
173 1109 384
174 1170 575
175 1415 1417
176 893 1197
177 557 849
178 1065 531
179 823 1241
180 798 26
181 622 499
182 807 1317
183 640 330
184 811 495
185 1009 1068
186 968 1281
187 392 565
188 468 1397
189 1494 545
190 618 698
191 1390 157
192 556 1044
193 1291 870
194 642 1490
195 1322 627
196 652 302
197 1223 116
198 660 785
199 96 115
200 1306 44
