228
1 1021 786
2 1014 200
3 546 1490
4 1348 120
5 384 852
6 1424 1296
7 695 352
8 735 734
9 484 151
10 212 1430
11 159 496
12 729 301
13 73 464
14 1154 329
15 33 450
16 302 1403
17 537 684
18 138 918
19 85 22
20 286 510
21 88 297
22 1021 1411
23 977 874
24 412 702
25 1036 148
26 746 865
27 345 1258
28 534 691
29 869 1429
30 1285 622
31 320 390
32 1015 1193
33 1146 1255
34 632 396
35 1296 1044
36 1071 642
37 874 1216
38 821 1101
39 1042 1111
40 1463 992
41 560 1346
42 778 932
43 1264 1389
44 1222 651
45 1011 1065
46 1210 859
47 605 370
48 573 1447
49 1274 638
50 0 1279
51 869 415
52 780 748
53 433 1314
54 103 1158
55 1278 236
56 1294 157
57 275 205
58 888 229
59 1356 1298
60 298 986
61 170 1047
62 1090 326
63 1074 1458
64 500 1177
65 1238 882
66 59 1348
67 726 788
68 916 1045
69 651 470
70 488 169
71 737 1445
72 583 1238
73 290 92
74 1129 915
75 28 1149
76 496 518
77 140 1191
78 1475 717
79 681 1477
80 53 415
81 1170 675
82 1168 677
83 528 1106
84 1411 1391
85 1262 169
86 646 628
87 10 189
88 630 455
89 65 1016
90 900 750
91 1462 1093
92 446 485
93 331 955
94 652 250
95 155 1008
96 611 1374
97 894 1344
98 499 1176
99 207 766
100 626 936
101 319 838
102 788 287
103 427 676
104 698 12
105 716 892
106 682 826
107 72 111
108 1240 141
109 544 932
110 757 1283
111 155 1422
112 1286 480
113 50 394
114 1037 1387
115 662 760
116 312 1006
117 1334 1278
118 1171 800
119 14 1443
120 675 597
121 1442 277
122 194 1067
123 243 170
124 1360 1388
125 626 1129
126 1202 966
127 115 384
128 315 378
129 629 1200
130 1309 1116
131 299 335
132 989 611
133 830 1429
134 129 120
135 1108 1014
136 949 1043
137 564 403
138 4 1498
139 631 1031
140 488 1376
141 1387 724
142 980 821
143 1237 510
144 933 1161
145 49 546
146 1387 838
147 1256 1263
148 1266 1277
149 561 406
150 544 1031
151 1245 668
152 801 1432
153 1291 1105
154 956 1205
155 628 709
156 768 707
157 913 733
158 859 163
159 158 1279
160 1465 135
161 40 626
162 924 788
163 410 1038
164 714 946
165 1289 1466
166 840 185
167 196 978
168 706 334
169 413 1395
170 11 877
171 361 1013
172 698 1464
173 217 885
174 1417 944
175 1054 891
176 269 594
177 1223 502
178 1115 840
179 1141 13
180 1137 541
181 471 236
182 520 799
183 1006 76
184 264 1495
185 1110 1426
186 1100 1303
187 463 507
188 1012 643
189 931 1011
190 48 144
191 69 72
192 27 508
193 337 1414
194 200 1429
195 65 499
196 1160 1434
197 915 289
198 632 651
199 1456 1044
200 612 113
201 1184 758
202 1039 1065
203 1267 278
204 869 992
205 1271 353
206 1223 147
207 83 335
208 686 835
209 744 1243
210 499 323
211 301 861
212 942 249
213 745 568
214 768 1427
215 292 1065
216 1205 367
217 553 1358
218 617 1385
219 1411 474
220 1090 1206
221 73 324
222 691 1133
223 1015 1455
224 855 210
225 654 509
226 109 1390
227 1439 494
228 1267 986
