201
1 862 53
2 1047 683
3 589 1043
4 193 644
5 1302 164
6 1103 774
7 1249 97
8 313 955
9 1195 890
10 601 462
11 775 651
12 656 661
13 124 787
14 1454 582
15 99 416
16 225 1455
17 1386 258
18 1353 507
19 113 1439
20 398 1207
21 1116 126
22 1406 1081
23 1380 350
24 986 1256
25 673 954
26 782 1392
27 1372 455
28 987 731
29 1302 1041
30 317 1132
31 533 469
32 873 379
33 597 470
34 740 830
35 438 1312
36 336 578
37 324 833
38 43 400
39 1318 954
40 1398 1478
41 1143 861
42 1400 305
43 682 979
44 951 1353
45 166 181
46 1422 1487
47 761 622
48 1488 1361
49 1024 835
50 503 63
51 1019 681
52 872 553
53 353 1231
54 875 1452
55 631 93
56 994 626
57 858 84
58 802 1116
59 577 1228
60 425 590
61 1483 862
62 30 986
63 1153 121
64 874 716
65 912 383
66 543 1162
67 1182 71
68 662 426
69 81 883
70 597 1464
71 720 1187
72 937 1094
73 16 680
74 442 1321
75 1298 709
76 76 1166
77 1239 1057
78 844 49
79 908 559
80 1056 457
81 915 1195
82 167 895
83 814 974
84 1349 1387
85 99 1240
86 849 13
87 887 659
88 416 476
89 302 823
90 481 1229
91 415 936
92 561 770
93 597 163
94 1173 873
95 130 924
96 1154 1022
97 1443 311
98 1324 575
99 135 422
100 870 1087
101 178 339
102 145 1217
103 429 403
104 1142 559
105 1313 809
106 1189 1423
107 797 1155
108 328 713
109 241 158
110 501 500
111 647 1280
112 739 245
113 118 819
114 870 1325
115 965 1379
116 952 339
117 1344 640
118 670 474
119 815 1313
120 656 756
121 664 1092
122 974 799
123 681 1119
124 348 1307
125 498 642
126 951 985
127 227 123
128 980 1421
129 1246 194
130 836 1082
131 956 849
132 312 346
133 568 383
134 1255 28
135 1307 290
136 182 746
137 1150 670
138 1455 1066
139 1169 280
140 1118 488
141 1218 337
142 1287 957
143 898 952
144 32 43
145 346 802
146 822 825
147 1092 35
148 1458 1312
149 2 267
150 830 665
151 467 1202
152 1039 1297
153 1285 1237
154 321 743
155 127 1130
156 1157 157
157 1428 1349
158 1415 826
159 1324 1308
160 540 1226
161 190 89
162 177 1346
163 957 182
164 421 833
165 50 1273
166 1307 683
167 525 688
168 36 910
169 28 31
170 204 1394
171 1054 896
172 10 1105
173 605 1104
174 181 115
175 733 163
176 743 318
177 1461 624
178 317 481
179 699 734
180 489 1166
181 296 1073
182 667 262
183 243 858
184 772 1244
185 823 448
186 142 1396
187 49 1008
188 1476 589
189 975 1216
190 1037 356
191 417 1493
192 602 328
193 329 630
194 101 147
195 798 1407
196 1011 798
197 77 1423
198 102 320
199 1480 54
200 836 423
201 62 506
